id,x,y,width,height,xoffset,yoffset,xadvance,page,chnl
32,185,111,3,3,-1,26,9,0,15
33,16,95,5,21,3,7,10,0,15
34,123,111,10,9,1,6,12,0,15
35,77,50,18,21,1,7,21,0,15
36,0,0,16,27,1,6,17,0,15
37,96,27,26,21,1,7,28,0,15
38,186,23,20,21,0,7,19,0,15
39,134,111,5,9,1,6,7,0,15
40,47,0,10,27,1,6,12,0,15
41,58,0,10,27,1,6,12,0,15
42,42,113,14,14,1,6,17,0,15
43,22,95,18,18,2,10,21,0,15
44,77,113,7,10,1,22,9,0,15
45,154,111,10,4,1,17,12,0,15
46,148,111,5,6,2,22,9,0,15
47,116,0,13,26,-1,6,12,0,15
48,96,71,15,21,1,7,17,0,15
49,203,67,13,21,2,7,17,0,15
50,112,71,15,21,1,7,17,0,15
51,0,73,15,21,1,7,17,0,15
52,204,45,16,21,0,7,17,0,15
53,32,73,15,21,1,7,17,0,15
54,80,72,15,21,1,7,17,0,15
55,48,73,15,21,1,7,17,0,15
56,64,73,15,21,1,7,17,0,15
57,16,73,15,21,1,7,17,0,15
58,249,89,5,17,3,11,12,0,15
59,247,23,7,21,2,11,12,0,15
60,105,93,17,17,2,10,21,0,15
61,105,111,17,9,2,14,21,0,15
62,87,94,17,17,2,10,21,0,15
63,217,67,13,21,1,7,14,0,15
64,154,0,24,24,1,7,26,0,15
65,123,27,20,21,-1,7,18,0,15
66,238,45,16,21,2,7,18,0,15
67,96,49,18,21,0,7,18,0,15
68,151,49,17,21,2,7,20,0,15
69,159,71,14,21,2,7,16,0,15
70,174,69,14,21,2,7,15,0,15
71,207,23,19,21,0,7,20,0,15
72,221,45,16,21,2,7,20,0,15
73,0,95,9,21,1,7,11,0,15
74,243,67,11,21,0,7,12,0,15
75,115,49,17,21,2,7,18,0,15
76,189,67,13,21,2,7,14,0,15
77,20,51,18,21,2,7,22,0,15
78,128,71,15,21,2,7,19,0,15
79,144,27,20,21,0,7,20,0,15
80,144,71,14,21,2,7,16,0,15
81,95,0,20,26,0,7,20,0,15
82,39,51,18,21,2,7,18,0,15
83,187,45,16,21,1,7,18,0,15
84,0,51,19,21,-1,7,16,0,15
85,133,49,17,21,1,7,19,0,15
86,165,25,20,21,-1,7,18,0,15
87,69,28,26,21,0,7,26,0,15
88,58,51,18,21,0,7,18,0,15
89,227,23,19,21,-1,7,16,0,15
90,169,47,17,21,1,7,18,0,15
91,79,0,9,27,2,6,12,0,15
92,130,0,13,26,0,6,12,0,15
93,69,0,9,27,1,6,12,0,15
94,57,113,19,12,1,7,21,0,15
95,165,111,19,3,-1,28,17,0,15
96,140,111,7,7,3,4,17,0,15
97,188,91,15,17,0,11,16,0,15
98,32,28,15,22,1,6,16,0,15
99,204,89,14,17,0,11,14,0,15
100,16,28,15,22,0,6,16,0,15
101,140,93,15,17,0,11,15,0,15
102,243,0,12,22,-1,6,9,0,15
103,227,0,15,22,0,11,16,0,15
104,48,28,14,22,1,6,16,0,15
105,10,95,5,21,1,7,7,0,15
106,144,0,9,26,-1,7,9,0,15
107,211,0,15,22,1,6,15,0,15
108,63,28,5,22,1,6,7,0,15
109,41,95,23,17,2,11,25,0,15
110,219,89,14,17,1,11,16,0,15
111,123,93,16,17,0,11,16,0,15
112,0,28,15,22,1,11,16,0,15
113,195,0,15,22,0,11,16,0,15
114,30,114,11,17,1,11,11,0,15
115,234,89,14,17,0,11,14,0,15
116,231,67,11,21,-1,7,10,0,15
117,0,117,14,17,1,11,16,0,15
118,156,93,15,17,0,11,15,0,15
119,65,95,21,17,0,11,21,0,15
120,172,93,15,17,0,11,15,0,15
121,179,0,15,22,0,11,15,0,15
122,15,117,14,17,0,11,14,0,15
123,17,0,14,27,1,6,17,0,15
124,89,0,5,27,4,6,12,0,15
125,32,0,14,27,2,6,17,0,15
126,85,113,19,9,1,14,21,0,15

first,second,amount
39,65,-1
45,65,-1
45,74,-1
45,84,-2
45,86,-1
45,87,-1
45,88,-1
45,89,-2
45,118,-1
45,120,-1
45,121,-1
45,122,-1
46,44,-2
46,45,-2
65,45,-1
65,84,-2
65,86,-1
65,87,-1
65,89,-1
65,118,-1
65,121,-1
66,84,-1
67,45,-1
68,44,-1
68,46,-1
68,84,-1
70,44,-4
70,46,-4
70,58,-1
70,63,1
70,65,-1
70,97,-1
70,101,-1
70,111,-1
75,45,-1
75,97,-1
75,101,-1
75,111,-1
75,117,-1
75,118,-1
75,119,-1
75,121,-1
76,39,-2
76,45,-2
76,74,1
76,84,-2
76,86,-1
76,87,-1
76,89,-2
76,118,-1
76,121,-1
79,84,-1
80,44,-4
80,46,-4
80,65,-1
80,97,-1
80,101,-1
80,111,-1
82,45,-1
82,84,-1
82,97,-1
82,101,-1
82,111,-1
82,121,-1
84,44,-4
84,45,-2
84,46,-4
84,58,-3
84,63,1
84,65,-2
84,67,-1
84,71,-1
84,79,-1
84,84,-1
84,97,-3
84,99,-3
84,101,-3
84,103,-3
84,111,-3
84,114,-3
84,115,-2
84,117,-3
84,118,-3
84,119,-3
84,121,-3
84,122,-2
86,44,-4
86,45,-1
86,46,-4
86,58,-1
86,65,-1
86,97,-1
86,101,-1
86,111,-1
86,117,-1
86,121,-1
87,44,-4
87,45,-1
87,46,-3
87,58,-1
87,65,-1
87,97,-1
87,101,-1
87,111,-1
87,114,-1
87,117,-1
87,121,-1
88,45,-1
88,97,-1
88,101,-1
88,111,-1
88,121,-1
89,44,-4
89,45,-2
89,46,-4
89,58,-3
89,65,-1
89,97,-2
89,100,-2
89,101,-2
89,103,-2
89,109,-1
89,110,-1
89,111,-2
89,112,-1
89,113,-2
89,114,-1
89,115,-1
89,117,-1
89,118,-1
90,45,-1
90,97,-1
90,101,-1
90,111,-1
90,119,-1
90,121,-1
99,84,-1
101,84,-2
102,34,1
102,39,1
102,41,1
102,42,1
102,44,-2
102,45,-1
102,46,-2
102,63,1
102,92,1
102,93,1
102,125,1
107,45,-1
114,44,-4
114,46,-4
116,45,-1
118,44,-2
118,45,-1
118,46,-2
118,97,-1
119,44,-1
119,46,-1
120,45,-1
121,44,-2
121,45,-1
121,46,-2
121,97,-1
